0000000000000000000000000000000000000000
0000000000000000000000000000000000000000000000000000000000000000
0000000000000000000000000000000000000000000000000000000000000080
00100000
0100000000000000000000000000000000000000000000000000000000000000
01100000
01534101
1000000000
1000000000000000000
1000000552
1001089995
1002142683
1002783846
1003007129
1004265696
1008606754
100860677
1008918595
100925954
1009259540
101039829
1010582648
101059084
1011120188
1011452712
101321734
1013904242
1014646705
1015671571
1027426170
1028094525
1030690015
1033081774
1033297158
1034867998
1038082786
1039717051
1040559837
1042226977
1042385657
1044267644
1044544574
104699613
104857600
1052338372
1054729187
1058709744
1059270954
1059722517
1061110142
1061256767
1062597235
1066570413
1068351396
106852767
1070356870
1070905480
1070919370
1071569080
1075025698
1075847264
1077985408
1078185097
1080017571
1080094634
1082771913
10857046999023057135944570762232829481370756359578518086990519993285655852781
1086357568
1093597963
1094828930
1097159550
1098792767
1101901292
1103331905
1106041591
1107234197
1108339068
1109467491
11100000
1111672452
1113818384
1115438654
11155111
11155420
1116352408
1119727848
1120306242
1120974935
1126790795
1128014560
1128514950
1133234376
1135389935
1137018435
1137477952
113926993
1139781709
1143087718
1145359496
114585348
1147550661
1148730428
1149249077
1150208456
1154254916
1154389282
1155237496
11559732032986387107991004021392285783925812861821192530917403151452391805634
1159843021668779879193775521855586647937357759715417654439879720876111806838
1162203018
1164071807
1167051466
1169141738
1171229253
1172967064
1173430173
1174215055
1176707941
117901582
1179044492
1179510461
118033927
1180849278
1181045119
1183697867
1184342925
1187679302
1192455638
1195886990
1199193405
1201765386
1202630377
1202797690
1204391495
1206477858
1210328172
1211247597
1212733584
1214797936
1215061108
1215313976
121938943
1222152264
1224348052
122466165
1229577106
1229899655
1233637070
1233856572
12345678
123456789
1235855840
1239126601
1239331162
1239443753
1243112415
1243905413
1243948399
1246420628
1248802510
1249150122
1250283471
1256100938
1257309336
1258480242
1260232239
1263263126
126454664
1265195639
1265776953
126783113
1269344483
1272813131
1273168787
1277555970
1277568618
1280103576
1282050075
1283575245
1286567175
1289001036
1290801793
129166120
1294757372
1296297904
1296947098
1297403050
1299594043
1303096294
1305906550
1305975373
1306967366
1311188841
1313788572
1315562145
1315723890
1316239930
1318289051000
1320957812
1321699145
1322425422
1322822218
1330631070
133361907
1333838021
1334037708
133428468
1335535747
13356493
1336584933
1337376481
1339137615
1339506544944476473020471379941921221584933875938349620426543736416511423956333506472724655353366534992391756441569
1340463100
1343127501
1343618912
134480908
1344809080
134748176
1347481760
1347548327
1348481072
1350078989
135050206
1352829926
135794696
1357946960
1359893119
1362321559
136428751
1364325282
1367295589
1368901318
13691499
1369810420
137073913
1371368976
1374921297
1374988112
1378429307
1381168804
1381620373
1383856311
1385356242
1385547719
1391201670
1391895634
1396182291
1397114950
1398011302
1398944049
1400783205
1400849762
1402811438
1403299063
1408607827
1408749034
1412049534
1414855848
1417561698
1418573201
1418839493
14214074
14214262
1422699085
1423022939
1425844308
1426881987
1428173050
1431699370
1432761139
1436590835
1437050866
1437280870
1441952575
1442818645
1443857720
1445669757
1446242576
1448540844
1449407026
145085239
1451044056
1455525988
1459268694
1463996600
1465383342
1469301956
1470539505
1474502543
1474760595
1475418501
1475980887
1479289972
1480485785
1482221744
1483753576
1484005843
1486471617
1487645946
1490980608
1491644504
1494807662
1499065266
1500395319
1503449823
1503764984
150598129
1507497298
1508618841
1508970993
1509430414
15112221349535400772501151409588531511454012693041857206046113283949847762202
1512910199
15132376222941642752
1514790577
1515908788
151591698
1517041206
1517440620
1517767529
151849742
1518500249
151914247
1521706781
1525593178
152769033
1530455833
1532285339
1532751286
1533017514
1535115264
1536934080
1537002063
1537253627
1541459225
1542305371
1543208500
1546530418
1548603684
1549591736
1550332980
1551037884
1551124588
1554391400
1555081692
1558493276
1559041666
1560382517
1560637892
1561174007710
1561174126937
1561174614583
1561174614584
1561174616618
1561174626623
1561174653071
1566435258
156696742
1568718495
1570751170
1571005438
1575467613
1576976609
1580087799
1580150641
1583276732
1584504582
1586903591
1587397571
1591917662
1592394909
159417987
1595750129
160008576
1600119230
1600795957
1604494077
1606591296
1607244650
1608629855
1608975247
1610459739
1613770832
1614815264
1615861247
1616945344
1620529459
1621147744
1626319424
1627235199
1633788866
1635502980
1636604631
1638122081
1639438038
1639824860
1640576439
1641816226
164439672
1646252340
1647391059
164948639
1649639237
1649704518
1650632388
1654886325
1655096418
1656084439
1665278241
1667474886
1668212892
1669664834
1671808611
1673061617
1673313503
1674059033862
1674059036865
1675577880
16777215
16777220
1678381017
1679968233
1681011286
168101135
1683407248
1684319432
16843522
168435220
1685577905
168560134
168810852
1689045092
1689376213
1695183700
16974337
169743370
1699095331
1699839814
1699970625
1701162954
1706019429
1707065306
1708848333
1709610350
1714631509
1715193156
1715741218
1716890410
1718004428
1722469478
1723872674
1724457132
172466556
1729977011
1730525723
1732584193
1734846926
1739181671
1739656202
1739838676
1740553945
1742315127
174567692
1747873779
1748251740
1749393103
1750626376
1750902305
1751693520
1753986836
1753986930
1753986968
1753987306
1756818940
1756942440
1757008337
1757691577
1764313568
1766729511
1767536459
1768537042
1773779408
1773916777
1775276924
1776460110
1779033703
1781871967
1783375398
1784663195
1785380564
1786102409
1787304780
1790575107
1790891114
1802223062
1805211710
1806599355
1807268051
1807470800
1807603307
1808481195
1809054150
1814803222
1815492186
1816667172
181709681073901722637330951972001133588410340171829515070372549795146003961539585716195755291692375963310293709091662304773755859649779
1817866830
1817998408
1819063512
1820824798
1823791212
182621114
1835907034
1836072691
1836772287
183726201
1840765549
1841019862
1841287890
1841768865
1842759443
1844882806
1846563261
1849112409
1851332852
1852171925
1852748508
185277718
185469197
1857215598
1857934291
1859775393
1860738147
1862534868
1863638845
186455563
1865862730
1867130149
1869591006
18729405
1873927791
1874508501
1876241833
188127444
1882732616
1883793496
1886425312
188821243
1888542832
1890179545
1890328081
1891211689
1893020342
1893456000
1899447441
1899603969
1901997871
1903268834
1905517169
1906247262
1907733956
1908694277
1910319033
1914052035
1916352843
1917518562
1917742170
1918643758
1920112356
1922491506
1925078388
1928707164
19308535
193195065
1933530610
193497219
1936954854
1939203699
1940642008
1941222599
1942435775
1943217067
1945798516
1948373848
19485874751759354771024239261021720505790618469301721065564631296452457478373
1949973070
1950903388
1951317047
1951935532
1953757831
1953799400
1955562222
1956440180
1963115311
1963412655
19681161376707505956807079304988542015446066515923890162744021073123829784752
1970642922
1973414517
1973745387
1974459098
1974974402
1975683434
1983593293
1984812685
1985150602287291935568054521177171638300868978215655730859378665066344726373823718423869104263333984641494340347905
1986661051
1986918061
1987484396
1988838185
1989249228
1989864566
1991105499
1996064986
1_000_000
1_000_000_000
2001430874
2002398509
2003294622
2004326894
2006576759
2008463041
2009195472
201060592
2011214180
2013101809
2013908262
2017213508
201721354
2017778566
201851908
2018519080
202008497
2021165296
202118168
20220922
20221024
20221213
2022240376
2022837584
20230120
20230121
20230210
20230211
20230217
20230226
20230308
20230716
20230719
20230720
20230818
20230905
20230909
20230912
20230913
20230921
20230924
2024104815
202643468
2029293177
2031621326
2037970062
2038008818
2039214713
2041044702
2041688520
2041877159
2043211483
2050466060
2050833735
2051518780
2053994217
2054852340
2056189050
2057691103
2061379749
2062270317
2068982057
2071694838
2072901243
2073724613
2075177163
2076935265
2077965243
2079897426
2081048481
2084453954
2084704233
2087309459
2088535288
2089089148
2090982877
209336225
2094410160
2100090966
2102799147
2105378810
2105887268
2106063485
2108100632
2108928974
2110667444
2117360635
2118074177
2118214995
2118541908
2119445034
2122220284
2122513534
2125135846
213114376
2135253587
2135319889
213705253
2137062819
2139062782
2139225727
2141445340
2142417613
2144161806
2147483647
2147483648
2148108681
2149987652
2151694528
2155911963
2156299017
2157648768
2159976285
2160117071
2162078206
2169303058
2172753945
2174228865
2174754046
2177026350
2177544179
2177748300
2177869557
2180939647
2185314755
2187128086
218828297
21888242871839275222246405745257275088548364400416034343698204186575808495617
21888242871839275222246405745257275088696311157297823662689037894645226208583
21888242871839275222246405745257275088844257914179612981679871602714643921549
2189597983
218961690
2191335298
2193862645
2194319100
2196052529
219617805
2197585534
2198438022
2198571144
2200818878
2203032232
2206440989
2208177539
2211236943
2213296395
2216610296
2218934982
2220981195
2223281939
2224493444
2226875310
2227573024
2227730452
2227873595
2230877308
2232388234
2232435299
223377554
2235061775
2236228733
2237133081
2240123921
2241073541
2244988746
224580040295924300187604334099896036246789641632564134246125461686950415467406032909029192869357953282578032075146446173674602635247710
2249034635
2252555205
2253581325
2256028891
2256734592
2256965911
2257655686
2261089178
226906860
2269728455
227249030
2272556026
2273808917
2274497927
2274680428
2278477385
227885567
2280796200
2281340285
2282195339
2283490410
2286175436
2290289544
2290647819
2293045232
2295101073
2297460856
2298973838
2302690252
2305455554
2306869641
2307489801
2307622919
2311702848
2313884476
2315620239
2319795663
2323976074
2324333839
2328143614
2328828971
2330014213
2331590177
2334669897
2336434550
2340818315
2340947849
2341176845
2345119218
2345191491
2347923833
234877682
2348912013
2352307457
235341577
2353415882
235474187
2358021891
235803164
2358182796
2358957921
236067854
2361698556
2361852424
2362090238
2366882550
2370213795
2373340630
2374762893
2374863873
2377486676
2378943302
2381740923
2384911031
2387036105
2388260884
2390325492
2391345038
2391705863
2395588676
2398386810
2399374476
2400959708
2403728665
2404901663
2405426947
2408187279
2408548869
2411029155
2412431941
24197544
2420656344
2422494913
2425400123
2427141008
2428436474
2429595872
2430122216
2430627952
2431590963
243256656
2434238086
2438237621
2441661558
2442242105
2443058075
2443721105
2445657428
244860394
2448830231
2450346104
2450884487
2453635748
2454276571
2456956037
2459086143
2459735317
2460449204
2460827538
2463879762
2471224067
2472011535
2474404304
2475929149
2477669779
2478443234
2479146071
2481090929
2484176261
2486224549
2487810577
2487896798
2492770099
2493985684
2497604743
2499348523
2501218972
2504130317
2505202138
25063068953384623474111414158702152701244531502492656460079210482610430750235
2507040230
250915913
2509612081
2510565781
2512897874
2514908019
251524083
251657213
2516901860
2520393566
2521517021
252314885
2526454071
252645662
2527147926
252780047
2530391278
2531067453
2531553906
2534638724
2535604243
2538681184
2543297077
2543990167
2544078150
2546386513
2547432937
2551808385
255298822
2554220882
2554718734
2555048196
2555137236
2560144171
2561878936
2562383102
2564033334
2566595609
256_SSWU_NU_
256_SSWU_RO_
256_SSWU_RO_NUL_
256_SSWU_RO_POP_
256_SVDW_RO_
2570832044
2572697195
2576986153
2578018489
2578459033
2579611992
2581445614
2582542199
2588757463
258EAFA5
2592523643
2593830191
2594734927
2595565466
2595684844
25965917
2597806476
2599188086
2600822924
2602270848
260388950
26054028
2606453969
260737669
2607439820
2610011675
2610673197
2612407707
2613100635
261314535
2614737639
2614888103
2622377682
2623762152
2627016082
2627518243
2629772188
2631065433
2631447780
2632479860
2636087938
2637442643
2638606623
2640243204
264347078
2644360225
2646352285
2646852446
2648976442
2652609425
2652734339
2653899549
2655997905
2658625497
265905162
2661202215
2662934430
2664543715
2667994737
2668221674
266929791119991161246907387137283842545076965332900288569378510910307636690
266959938
2673705150
2678045221
2679776671
2680341085
2682942837
2683765030
2686254721
2687165888
268961816
2689618160
2694904667
269496352
2695033685
2696962144
2700099354
270040487
2700827552
2701949495
2704774806
2706270690
2708326185
2709260871
2711746649
2715671932
271589392
271733878
2717407649
2721421207
2723238387
2724322336
2724642869
272786309
2728590687
2730485921
2733856160
2734514082
2734591178
273792366
2738905026
274084841
2743034109
2743944855
2744104290
2745433693
2747425121
2749160575
2751356323
275423344
2754712981
2755636671
2756734187
2756858614
2762274643
2763173681
2764249623
2767645557
2767672228
2773480762
2776292904
2777952454
2779116625
2779915199
2781242211
2782082824
2782912378
2784252325
2787207260
2790478837
2795958615
2797888098
2800834470
2801107407
2801566410
2801699524
2802849917
2805175444
2807058932
2809771154
2812801621
2815956275
2816401017
2817676711
2818666809
2820302411
2821834349
2822345105
2824099068
2827177882
2829640523
2830708150
2833468328
2835123396
283769337
2837966542
2840853838
2842678573
2842737049
2846482505
2848461854
2848876391
2849626480
2850048425
2856345839
2857194700
2857719295
2858115069
2863326543
286339874
2865522278
2867154858
2868897406
2870763221
2871682645
287182607
2872807568
287343814
287454020
2875968315
2876494627
2880169549
2880240216
2883115123
2883997099
288563729
2887651696
2891339514
2892417312
2895723464
2897014595
2898814052
2901361580
2902087851
2904027272
2906624658
2910219766
2913856577
2915017791
2916866934
2917565137
2917941677
2918353863
2923271059
2924959737
292596766
2927934315
2930698567
2933202493
2933734917
2934523822
2935566865
2939266226
293963156
2943682380
2947541573
2949277029
294930682
2950355573
2951366063
2951971274
2952102595
2952996808
2955516313
2957853679
2958579944
2960971305
2964376443
2966125488
296679730
2967507152
2968011453
2970356327
2973530695
2975484382
2976151520
2981218425
2982705585
2983581028
2984144751
298819210078481492676017930443930673437544040154080242095928241372331506189835876003536878655418784733982303233503462500531545062832660
2988687269
2989552604
2992200171
2997825956
2998062463
2999812018
3000790638
3001755655
3004591147
3005978776
3009879386
3014905469
3016654259
3016697106
3017069671
3017672716
3025820398
302582043
3028143674
3029510009
3031746419
303183396
3032970164
3034082412
3034881240
3035535058
303699484
303765277
303828494
3039795866
3043140495
3046200461
3048588401
3049323471
3049390895
3049550261
3050821474
3051593425
305538066
3056442267
3059440621
3060847922
3064510765
3065430391
3065962831
3066132406
3069049960
3070356634
3075636216
3076639029
3079546586
3082273397
3082974647
3084310113
3084545389
3092726480
3093060836
3099120491
3099667487
3100665960
3100863416
3102011747
3102249176
310463728
310598401
3106381470
3106780840
3110650942
3111247143
3113855344
3115962473
3117443513
3117535592
3120694122
3121275539
3122358053
3123027871
3126681063
3132806511
3134549946
3135740889
313773861
3141400786
3144134277
3144396420
3145456443
3149649517
315019913931389607337177038330951043522456072897266928557328499619017160722351061360252776265186336876723201881398623946864393857820716
3151024235
3151128937
3151392187
3152976349
3156319645
3157750862
3160175349
3160301282
3166494563
3167684641
3168756668
3168937228
3175501286
3178106961
3182487618
3183336545
3184776046
3184946027
3185336765
3186202582
3193921505
3196267988
3198115200
3200178535
320025894
3201591914
3201631749
3201918910
3202437046
3204031479
3206782108
3210313671
3211623147
3212035895
3215212461
3215307299
3217021541
3218264685
3218761151
322250259
3224740454
3227229120
322734571
3227541664
32283319
3229630528
3231722213
3233831835
3234156416
3235995134
3240894392
3243809217
3245848246
3247465558
3248222580
3250673817
3252238545
3252932727
3253595436
3254988725
325965383
3259730800
3260915650
3261161891
3262494647
3263785589
3265478751
32670510020758816978083085130507043184471273380659243275938904335757337482424
3267517855
327033209
3270937875
3273267108
327451799
3274667266
3277757891
3279033885
3280093505
3283088770
3284360861
3285377520
328671808
3287084079
3292445032
3294073796
3294430577
3294782118
3295786421
3299278474
3299409036
3301201811
33027830
3307916247
3309594171
3310321856
3310653893
3313212038
3313910595
331544205
3318043793
3320835882
3323011204
3327236038
3328402341
3328955385
3329325298
3330556482
3332740144
3334885783
3336358691
3336571891
3341394285
334231800
3342319475
3344078279
3345764771
3346248884
3347532110
3350065803
3351728789
3354324521
3356761769
3359869896
3359936201
3362022572
33620227
336202270
3363418545
3366754619
3368567691
33687044
336870440
3371096953
337120268
3374361702
337553864
3375740769
3376449993
33778362
3381544775
338241895
3385345166
3385409673
3387549984
3388507166
3393556426
33948674
339486740
3395642799
3398190662
3399679628
3399941250
3400528769
3402253711
3403100636
3408119516
3409685355
3410398667
3413881008
3414450555
3419096717
3419915562
3421038627
3427763148
3429263018
3430322568
3431482436
3431546947
3432737375
3433712980
3435941763
3441850377
3444343245
3444575871
3446004468
3447698098
344873464
3452783745
3454686199
3454790438
3459953789
3460925390
3460984630
3462883241
3464042516
3464344499
3467192302
3469625735
3473416636
3474729866
3475313331
3477767631
3481945413
3483825537
3486468741
3488279077
349075736
3496503480
3496589753
3496721360
3497509347
3499326569
3501252752
3501741890
350174575
3503319995
3509871135
3513301457
3516065817
3516619604
3516813135
3518358430
3519142200
3520161977
3521504564
3528626907
3530123707
3530407890
3533459022
3535072918
3535486456
3537006015
353713962
3537852828
3542330227
3543599269
3545789473
3547052216
3547250131
3553849021
3554993207
3556361835
355706840
3557504664
3563566036
3563743934
3564045318
356461077
3566750796
3569255213
3570689971
3572145929
3573941694
3575528878
3576539503
3576870512
3580146133
3580869306
3584528711
3587531953
3588745010
3593056380
3594982253
3596728278
3597364157
3597515707
3599595085
3600352804
3602770327
3604373943
3610369226
361203602
3613494426
3613570519
3617213773
361929877
3620022987
3621216949
3622233649
3623636965
3624381080
3625268135
3629546796
3630984372
3631459288
3633334344
3635733660
3635996816
3638064043
3644379585
3647212047
3647454910
3648039385
3651041127
3652904859
3654906025
3655459128
3664101311
3664604599
3665145818
3667219033
3669462566
3671750063
3673476453
3673637356
367585007
3678124923
368048890
3681988059
3682191598
3683022916
3683797321
3685416753713387016781088315183077757961620795782546409894578378688607592378376318836054947676345821548104185464507
3687994002
3688593069
3688947771
369057872
3693126241
3697393085
3698224818
369822493
3699352540
3702665459
3704280881
3704300486
3705438115
370555436
3708173718
370938394
37095705934669439343138083508754565189542113879843219016388785533085940283555
3710368113
371049330
3711829422
3715932637
3717614411
3720081049
3722280097
3722699582
3725069491
3727205754
372911126
3731654548
3731845041
3732514782
3734260298
3736164937
3739122087
3745345300
3746175075
3747192018
3747855548
3749357023
3755965093
3756188221
3756299780
376187827
3762019296
3762502690
3762923945
3764988233
3765465232
3767586992
3769721975
3772791771
377642221
3776767469
3778151818
3778599393
3780097726
3781033664
3787349855
3789633753
3791519004
3794078908
3795705826
3799085459
3799141122
3801332234
3802222185
3803995742
3806477791
3808662347
3810496343
3812548067
3813386408
3818836405
3822090177
3823320797
3825007647
3828103837
3828863972
3832705686
3835036895
3835390401
3835484340
3837287516
3840161747
3841024952
3843699074
3845444069
384695291
3847203498
384_SSWU_NU_
384_SSWU_RO_
38544885
3854606378
3856137295
3857003729
3857572124
3858759450
3862026214
3863849899
3866325909
3867060991
3868552805
3871163981
3873845719
387397934
3874428392
3875770207
387583245
3876557655
3877198648
387781147
3878868455
3885750714
3887750493
3890688725
3892248089
3894660072
389623319
3896688048
3899946140
3901806776
3902563182
3903871064
3907448597
3907527627
3910161971
3911240169
3913789102
3915653703
3917234703
3919042237
3921009573
3924369609
3925473552
3926170974
3926825029
3928346602
3930435503
3931371469
3933566367
3936291284
3941213647
3943906441
3945188843
3945269170
394692241
3947234607
3950355702
3954334041
395441711
3955191162
3958056653
3958962195
3960309330
3962553324
3963161475
3963727277
396673818
3967186586
3969562369
3973773121
3974901699
3977675356
3979133421
3980931627
3988151131
3990953189
3991743681
3992714006
3992742070
3995715566
3YHTQOCUL
4000806809
4002861748
4003061179
4004797018
4006521127
4007360968
4008585671
4011190502
4011996048
4012557807
4014189740
401639597
4020912224
4021308739
4022224774
4023233417
4025428677
4026202645
4027317232
4027744588
4030667424
4034427016
403442708
4035489047
403703816
4037038160
404016761
4042263547
404236336
4042459122
4043610186
4043897329
40440834346308536858101042469323190826248399146238708352240133220865137265952
4044981591
4045380933
4049053350
4049844452
405286936
4059105529
4059428100
4061003762
4063242375
4065699751
4067639125
4068047243
4069246893
4075877127
4075949567
4077384432
4077846003
4082367875863433681332203403145435568316851327593401208105741076214120093531
4082475170
4085369519
4087501137
4089235720
4091327024
409198410
4092792573
4092916743
4094161908
4094571909
4098991525
4100872472
4101667470
4102977912
4104605777
4107101658
410887952
4109633523
4110568485
4110742005
4118925222
4118987695
4121318227
4122762354
4126475505
4126668546
4127324150
4130281361
4135287693
4136440770
4137964114
4138563181
4142626212
4143317495
4144047775
4144166391
4148292826
4149453988
4150144569
4157467219
4160157185
4160160501
4162055160
4162096729
4166623649
4168907908
4169408201
4172763771
4174560061
4177007595
4178062228
4178635257
4180808110
4181598602
418672217
4188952407
4190530515
4193382664
4193849577
4195456072
4195741690
4199882800
4200115116
4202528135
4203181171
4205598294
4210693615
421079858
4211818798
4212583931
4213447064
4215389547
4217086112
42182577
4219352155
422261273
4226871307
4227536621
4227665663
4229948412
4233094615
42335016
4234721005
4236148354
4236429990
4237083816
4238890068
4244381667
4245618683
4246310725
4246528509
4250903202
425408743
4255350624
4255800159
4260623118
4261223649
4263110654
4267549603
4269768577
4269907996
4270507174
4270639778
4271175723
4274053469
4278065639
4279080257
427917720
4279952895
428169201
4284502037
428819965
4289353045
4293295786
4294111757
429456164
4294704398
4294908645
4294967295
430227734
4341101384
4341325216
4345298944
434634494
437062935
437656594
437757123
437923380
439235610
439452389
446754879
451280895
454166793
454499602
454765878
455947803
457992840
459744698
461406363
46316835694926478169428394003475163141307993866256225615783033603165251855960
463180190
46346101
470683154
470948374
471606328
472135708
472615631
48064969
48394827
484572669
484830689
486441376
487725847
487983883
488449850
489110045
492483431
495158174
4965661367192848881
49674231
496906059
499347990
500_SERVER_ERROR
504303377
504459436
50462977
504629770
505291324
50529542
505560094
50660867
506948616
507358933
512_ELL2_NU_
512_ELL2_RO_
512_R255MAP_RO_
512_SSWU_NU_
512_SSWU_RO_
514443284
516552836
522133822
522272287
528646813
528734635
529487843
530400753
532201772
533804130
53458370
535035132
536870912
537923632
538992704
540080725
543178784
54469307008909316920995813868745141605393597292927456921205312896311721017578
545572369
547512796
548169417
550103529
55066263022277343669578718895168534326250603453777594175500187360389116729240
555836226
557719327
560153121
560487590
562755902
563977660
566021896
567498868
571543859
572679748
57326082
573804783
574365214
574624663
575138148
577127458
57896044618658097711785492504343953926634992332820282019728792003956564819949
585122620
589522246
590424639
593839651
59542671
59727847
597466303
598438867
599762354
59984867
600235211
600565992
604807628
605164086
605657339
606366792
607225278
607398968
607530554
607656988
61058895
611076132
612205898
621591778
621982671
623210314
628050469
631218106
632953703
634383082
636813900
638784309
640051788
641025152
644500518
645401037
648017665
651029483
651868046
656894286
657861945
658119965
659060556
660510266
661212711
664706745
666307205
666464733
669961897
671593195
67240454
672404540
67374088
673740880
674240536
675039627
67556463
67897348
678973480
681933534
690584402
692707433
695634755
695947817
697932208
698445255
699432150
700968686
706024767
707427924
708780849
711349675
712922154
717615087
718002117
719700128
7237005577332262213973186563042994240857116359379907606001950938285454250989
724270422
724703513
725511199
726838724295606890549323807888004534353641360687318060281490199180612328166730772686396383698676545930088884461843637361053498018326358
726838724295606890549323807888004534353641360687318060281490199180612328166730772686396383698676545930088884461843637361053498018365439
729634347
730517276
731183368
731420851
733156972
736970802
739644986
740276417
741110872
741876788
742039012
745822252
750906861
752375421
757954394
758520603
758720310
762796589
765172662
766078933
766945465
768917123
770255983
77089521
773265209
773529912
77422314
774795868
775166490
775550814
775562294
777231668
779246638
78563412
788204353
790073846
791638366
793451934
795958831
796197571
798661301
800440835
801369324
806885416
807407632
807962610
808472672
810573872
81781910
818324884
821288114
821712160
824852259
825316194
827548209
82966005
830661914
831886756
832877231
836232934
836553431
83886080
839224033
840019705
840505643
841739592
842159716
84217610
84280067
844522546
84871685
8495653923123431417604973247489272438418190587263600148770280649306958101930
850817237
852879335
857870609
859002214
861234739
861968209
865136418
865375399
866637845
870912086
874125870
875313188
875451293
875846760
878443390
878471220
878845905
883997877
886171109
891687699
892690282
893681702
895287692
895445557
899127202
899835584
9007199254740991
901210569
907746093
908333586
908933415
908999204
909531756
911895606
91341917
915985419
919489135
923313619
926374254
927553665492332455747201965776037880757740193453592970025027978793976877002675564980949289727957565575433344219582
928607799
92987698
930369212
932615841
93294474
933301370
935293895
936633572
941366308
941896748
943212656
944271416
945164165
953270745
95345982
953803233
954669403
957055980
958139571
958871085
959321879
960056178
961245753
961987163
96392454
965841320
967311729
972512814
974986535
975451694
975658646
975967766
976899700
978220090
983426092
984907214
98944233647732219769177004876929019128417576295529901074099889598043702116001257856802131563896515373927712232092845883226922417596214
993742198
994932283
999329963
AAIAAAAA
ABORT_ERR
ACTION_REJECTED
ADDRCONFIG
ADDRGETNETWORKPARAMS
ALLOWED_ORIGINS
ALREADY_ENABLED
ALTERNATIVE
ARGON2_SYNC_POINTS
ARRAY_RANGE_ERROR
ASSERT_FALSE
BADFAMILY
BADFLAGS
BADHINTS
BADQUERY
BAD_DATA
BAD_PREFIX
BAD_STORAGE_DATA
BASE_POINT
BINARY_TYPES
BLOB_BLS_MODULO
BLOB_SIZE
BLOCK_SIZE
BLS_SIG_BLS12381G1_XMD
BLS_SIG_BLS12381G2_XMD
BLS_X_IS_NEGATIVE
BLS_X_LEN
BN254G2_XMD
BN_MAX_UINT
BN_MAX_UINT256
BN_X_LEN
BOOK_LANG
BROTLI_DECODE
BROTLI_DECODER_ERROR_ALLOC_BLOCK_TYPE_TREES
BROTLI_DECODER_ERROR_ALLOC_CONTEXT_MAP
BROTLI_DECODER_ERROR_ALLOC_CONTEXT_MODES
BROTLI_DECODER_ERROR_ALLOC_RING_BUFFER_1
BROTLI_DECODER_ERROR_ALLOC_RING_BUFFER_2
BROTLI_DECODER_ERROR_ALLOC_TREE_GROUPS
BROTLI_DECODER_ERROR_DICTIONARY_NOT_SET
BROTLI_DECODER_ERROR_FORMAT_BLOCK_LENGTH_1
BROTLI_DECODER_ERROR_FORMAT_BLOCK_LENGTH_2
BROTLI_DECODER_ERROR_FORMAT_CL_SPACE
BROTLI_DECODER_ERROR_FORMAT_CONTEXT_MAP_REPEAT
BROTLI_DECODER_ERROR_FORMAT_DICTIONARY
BROTLI_DECODER_ERROR_FORMAT_DISTANCE
BROTLI_DECODER_ERROR_FORMAT_EXUBERANT_META_NIBBLE
BROTLI_DECODER_ERROR_FORMAT_EXUBERANT_NIBBLE
BROTLI_DECODER_ERROR_FORMAT_HUFFMAN_SPACE
BROTLI_DECODER_ERROR_FORMAT_PADDING_1
BROTLI_DECODER_ERROR_FORMAT_PADDING_2
BROTLI_DECODER_ERROR_FORMAT_RESERVED
BROTLI_DECODER_ERROR_FORMAT_SIMPLE_HUFFMAN_ALPHABET
BROTLI_DECODER_ERROR_FORMAT_SIMPLE_HUFFMAN_SAME
BROTLI_DECODER_ERROR_FORMAT_TRANSFORM
BROTLI_DECODER_ERROR_FORMAT_WINDOW_BITS
BROTLI_DECODER_ERROR_INVALID_ARGUMENTS
BROTLI_DECODER_ERROR_UNREACHABLE
BROTLI_DECODER_NEEDS_MORE_INPUT
BROTLI_DECODER_NEEDS_MORE_OUTPUT
BROTLI_DECODER_NO_ERROR
BROTLI_DECODER_PARAM_DISABLE_RING_BUFFER_REALLOCATION
BROTLI_DECODER_PARAM_LARGE_WINDOW
BROTLI_DECODER_RESULT_ERROR
BROTLI_DECODER_RESULT_NEEDS_MORE_INPUT
BROTLI_DECODER_RESULT_NEEDS_MORE_OUTPUT
BROTLI_DECODER_RESULT_SUCCESS
BROTLI_DECODER_SUCCESS
BROTLI_DEFAULT_MODE
BROTLI_DEFAULT_QUALITY
BROTLI_DEFAULT_WINDOW
BROTLI_ENCODE
BROTLI_LARGE_MAX_WINDOW_BITS
BROTLI_MAX_INPUT_BLOCK_BITS
BROTLI_MAX_QUALITY
BROTLI_MAX_WINDOW_BITS
BROTLI_MIN_INPUT_BLOCK_BITS
BROTLI_MIN_QUALITY
BROTLI_MIN_WINDOW_BITS
BROTLI_MODE_FONT
BROTLI_MODE_GENERIC
BROTLI_MODE_TEXT
BROTLI_OPERATION_EMIT_METADATA
BROTLI_OPERATION_FINISH
BROTLI_OPERATION_FLUSH
BROTLI_OPERATION_PROCESS
BROTLI_PARAM_DISABLE_LITERAL_CONTEXT_MODELING
BROTLI_PARAM_LARGE_WINDOW
BROTLI_PARAM_LGBLOCK
BROTLI_PARAM_LGWIN
BROTLI_PARAM_MODE
BROTLI_PARAM_NDIRECT
BROTLI_PARAM_NPOSTFIX
BROTLI_PARAM_QUALITY
BROTLI_PARAM_SIZE_HINT
BUFFER_OVERRUN
BUILDING
BUSINESS
C5AB0DC85B11
CALL_EXCEPTION
CANCELLED
CAP_SETGID
CHAIN_RPC
CHECKPRIMEREQUEST
CHECKSUM
CHLD_OUT
CHUNK_END
CHUNK_START
CIPHERREQUEST
CITA_SIMPLE
CLAVE_API
CLIENT_RENEG_LIMIT
CLIENT_RENEG_WINDOW
CLOSE_BRACKET
CLOSE_PAREN
COMBINING
COMMIT_MSG_FILE
COMMIT_SOURCE
COMPRESSED
COMPRESSED_ZERO
CONNECTING
CONNECTION
CONNREFUSED
CONSEQUENTIAL
CONTRACT
CONTRIBUTING
CONTRIBUTORS
COPYFILE_EXCL
COPYFILE_FICLONE
COPYFILE_FICLONE_FORCE
COPYRIGHT
CRITICAL
CURVE_ORDER
C_BIT_POS
DATABASE
DATA_CLONE_ERR
DEALINGS
DECLARE_NAPI_PROPERTY
DECRYPTION_FAILED
DEFAULT_CIPHERS
DEFAULT_ECDH_CURVE
DEFAULT_MAX_VERSION
DEFAULT_MIN_VERSION
DEFAULT_SETTINGS_ENABLE_PUSH
DEFAULT_SETTINGS_HEADER_TABLE_SIZE
DEFAULT_SETTINGS_INITIAL_WINDOW_SIZE
DEFAULT_SETTINGS_MAX_FRAME_SIZE
DEFER_EVENT
DEFLATERAW
DEPLOYMENT_NAME
DERIVEBITSREQUEST
DERIVE_KEY_CONTEXT
DERIVE_KEY_MATERIAL
DESTRUCTION
DH_CHECK_P_NOT_PRIME
DH_CHECK_P_NOT_SAFE_PRIME
DH_NOT_SUITABLE_GENERATOR
DH_UNABLE_TO_CHECK_GENERATOR
DIRHANDLE
DISABLED
DISCLAIMED
DISCLAIMS
DIVIDE_BY_ZERO
DNSCHANNEL
DOMSTRING_SIZE_ERR
DONT_CONTEXTIFY
DOTENV_CONFIG_
DOTENV_CONFIG_DEBUG
DOTENV_CONFIG_DOTENV_KEY
DOTENV_CONFIG_ENCODING
DOTENV_CONFIG_OVERRIDE
DOTENV_CONFIG_PATH
DOTENV_PRIVATE_KEY_PRODUCTION
DOTENV_VAULT_
DOTENV_VAULT_PRODUCTION
DTLS_BAD_VER
D_MINUS_ONE_SQ
EADDRGETNETWORKPARAMS
EADDRINUSE
EADDRNOTAVAIL
EAFNOSUPPORT
EALREADY
EBADFAMILY
EBADFLAGS
EBADHINTS
EBADNAME
EBADQUERY
EBADRESP
ECANCELED
ECANCELLED
ECONNABORTED
ECONNREFUSED
ECONNRESET
ED25519_P
ED25519_SQRT_M1
ED25519_TORSION_SUBGROUP
ED448_DEF
EDESTADDRREQ
EDESTRUCTION
EFORMERR
EHOSTDOWN
EHOSTUNREACH
EINPROGRESS
ELDHISTOGRAM
ELL2_C1_EDWARDS
ELOADIPHLPAPI
EMOJI_LIST
EMOJI_ROOT
EMPTY_BUFFER
EMPTY_TREE_SHA1_HEX
EMSGSIZE
EMULTIHOP
ENAMETOOLONG
ENCLOSING
END_STREAM
ENETDOWN
ENETRESET
ENETUNREACH
ENGINE_METHOD_ALL
ENGINE_METHOD_CIPHERS
ENGINE_METHOD_DH
ENGINE_METHOD_DIGESTS
ENGINE_METHOD_DSA
ENGINE_METHOD_EC
ENGINE_METHOD_NONE
ENGINE_METHOD_PKEY_ASN1_METHS
ENGINE_METHOD_PKEY_METHS
ENGINE_METHOD_RAND
ENGINE_METHOD_RSA
ENOPROTOOPT
ENOTCONN
ENOTEMPTY
ENOTFOUND
ENOTINITIALIZED
ENOTSOCK
ENUM_RANGE_ERROR
ENVIRONMENT
EOPNOTSUPP
EOVERFLOW
EPROTONOSUPPORT
EPROTOTYPE
EREFUSED
ERR_AMBIGUOUS_ARGUMENT
ERR_ASSERTION
ERR_BUFFER_TOO_LARGE
ERR_HTTP2_GOAWAY_SESSION
ERR_HTTP2_INVALID_SETTING_VALUE
ERR_HTTP2_INVALID_STREAM
ERR_HTTP2_NO_SOCKET_MANIPULATION
ERR_HTTP_CONTENT_LENGTH_MISMATCH
ERR_HTTP_INVALID_HEADER_VALUE
ERR_INVALID_ARGS
ERR_INVALID_ARG_TYPE
ERR_INVALID_BUFFER_SIZE
ERR_INVALID_CHAR
ERR_INVALID_HANDLE_TYPE
ERR_INVALID_RETURN_VALUE
ERR_INVALID_URL
ERR_MISSING_MESSAGE_PORT_IN_TRANSFER_LIST
ERR_OUT_OF_RANGE
ERR_SERVER_ALREADY_LISTEN
ERR_SOCKET_BAD_PORT
ERR_SOCKET_BUFFER_SIZE
ERR_SOCKET_CLOSED
ERR_SOCKET_DGRAM_IS_CONNECTED
ERR_SOCKET_DGRAM_NOT_CONNECTED
ERR_STREAM_DESTROYED
ERR_TLS_PSK_SET_IDENTIY_HINT_FAILED
ERR_VM_MODULE_STATUS
ERR_WORKER_MESSAGING_FAILED
ERR_WORKER_MESSAGING_SAME_THREAD
ERR_WORKER_MESSAGING_TIMEOUT
ERR_WORKER_NOT_RUNNING
ESCALATED
ESERVFAIL
ETIMEDOUT
ETIMEOUT
EWOULDBLOCK
EXCLUSIONS
EXEMPLARY
FETCH_FAILED
FIELD_FIELDS
FILEHANDLE
FILEHANDLECLOSEREQ
FIXEDSIZEBLOBCOPY
FLASK_ENV
FORCE_COLOR
FP12_FROBENIUS_COEFFICIENTS
FP2_FROBENIUS_COEFFICIENTS
FP2_NONRESIDUE
FP2_ORDER
FP2_ROOTS_OF_UNITY
FP6_FROBENIUS_COEFFICIENTS_1
FP6_FROBENIUS_COEFFICIENTS_2
FSEVENTWRAP
FSREQCALLBACK
FSREQPROMISE
GENERIC_PANIC
GETADDRINFOREQWRAP
GETNAMEINFOREQWRAP
GET_DATA
GET_INFO
GET_MASK
GET_PAYLOAD_LENGTH_16
GET_PAYLOAD_LENGTH_64
GH_FIRST_BLOCK
GITHUB_PATH
GIT_AUTHOR_IDENT
GIT_COMMITTER_IDENT
GIT_PUSH_OPTION_
GIT_PUSH_OPTION_COUNT
GIT_SENDEMAIL_FILE_COUNTER
GIT_SENDEMAIL_FILE_TOTAL
GIT_WORK_TREE
HASHREQUEST
HAYGETHI
HEAPSNAPSHOT
HIERARCHY_REQUEST_ERR
HIQIIIIA
HKDF_COUNTER
HTTP2PING
HTTP2SESSION
HTTP2SETTINGS
HTTP2STREAM
HTTP2_HEADER_ACCEPT
HTTP2_HEADER_ACCEPT_CHARSET
HTTP2_HEADER_ACCEPT_ENCODING
HTTP2_HEADER_ACCEPT_LANGUAGE
HTTP2_HEADER_ACCEPT_RANGES
HTTP2_HEADER_ACCESS_CONTROL_ALLOW_CREDENTIALS
HTTP2_HEADER_ACCESS_CONTROL_ALLOW_HEADERS
HTTP2_HEADER_ACCESS_CONTROL_ALLOW_METHODS
HTTP2_HEADER_ACCESS_CONTROL_ALLOW_ORIGIN
HTTP2_HEADER_ACCESS_CONTROL_EXPOSE_HEADERS
HTTP2_HEADER_ACCESS_CONTROL_REQUEST_HEADERS
HTTP2_HEADER_ACCESS_CONTROL_REQUEST_METHOD
HTTP2_HEADER_AGE
HTTP2_HEADER_ALLOW
HTTP2_HEADER_AUTHORITY
HTTP2_HEADER_AUTHORIZATION
HTTP2_HEADER_CACHE_CONTROL
HTTP2_HEADER_CONNECTION
HTTP2_HEADER_CONTENT_DISPOSITION
HTTP2_HEADER_CONTENT_ENCODING
HTTP2_HEADER_CONTENT_LANGUAGE
HTTP2_HEADER_CONTENT_LENGTH
HTTP2_HEADER_CONTENT_LOCATION
HTTP2_HEADER_CONTENT_MD5
HTTP2_HEADER_CONTENT_RANGE
HTTP2_HEADER_CONTENT_TYPE
HTTP2_HEADER_COOKIE
HTTP2_HEADER_DATE
HTTP2_HEADER_ETAG
HTTP2_HEADER_EXPECT
HTTP2_HEADER_EXPIRES
HTTP2_HEADER_FROM
HTTP2_HEADER_HOST
HTTP2_HEADER_HTTP2_SETTINGS
HTTP2_HEADER_IF_MATCH
HTTP2_HEADER_IF_MODIFIED_SINCE
HTTP2_HEADER_IF_NONE_MATCH
HTTP2_HEADER_IF_RANGE
HTTP2_HEADER_IF_UNMODIFIED_SINCE
HTTP2_HEADER_KEEP_ALIVE
HTTP2_HEADER_LAST_MODIFIED
HTTP2_HEADER_LINK
HTTP2_HEADER_LOCATION
HTTP2_HEADER_MAX_FORWARDS
HTTP2_HEADER_METHOD
HTTP2_HEADER_PATH
HTTP2_HEADER_PREFER
HTTP2_HEADER_PROXY_AUTHENTICATE
HTTP2_HEADER_PROXY_AUTHORIZATION
HTTP2_HEADER_PROXY_CONNECTION
HTTP2_HEADER_RANGE
HTTP2_HEADER_REFERER
HTTP2_HEADER_REFRESH
HTTP2_HEADER_RETRY_AFTER
HTTP2_HEADER_SCHEME
HTTP2_HEADER_SERVER
HTTP2_HEADER_SET_COOKIE
HTTP2_HEADER_STATUS
HTTP2_HEADER_STRICT_TRANSPORT_SECURITY
HTTP2_HEADER_TE
HTTP2_HEADER_TRANSFER_ENCODING
HTTP2_HEADER_UPGRADE
HTTP2_HEADER_USER_AGENT
HTTP2_HEADER_VARY
HTTP2_HEADER_VIA
HTTP2_HEADER_WWW_AUTHENTICATE
HTTP2_METHOD_ACL
HTTP2_METHOD_BASELINE_CONTROL
HTTP2_METHOD_BIND
HTTP2_METHOD_CHECKIN
HTTP2_METHOD_CHECKOUT
HTTP2_METHOD_CONNECT
HTTP2_METHOD_COPY
HTTP2_METHOD_DELETE
HTTP2_METHOD_GET
HTTP2_METHOD_HEAD
HTTP2_METHOD_LABEL
HTTP2_METHOD_LINK
HTTP2_METHOD_LOCK
HTTP2_METHOD_MERGE
HTTP2_METHOD_MKACTIVITY
HTTP2_METHOD_MKCALENDAR
HTTP2_METHOD_MKCOL
HTTP2_METHOD_MKREDIRECTREF
HTTP2_METHOD_MKWORKSPACE
HTTP2_METHOD_MOVE
HTTP2_METHOD_OPTIONS
HTTP2_METHOD_ORDERPATCH
HTTP2_METHOD_PATCH
HTTP2_METHOD_POST
HTTP2_METHOD_PRI
HTTP2_METHOD_PROPFIND
HTTP2_METHOD_PROPPATCH
HTTP2_METHOD_PUT
HTTP2_METHOD_REBIND
HTTP2_METHOD_REPORT
HTTP2_METHOD_SEARCH
HTTP2_METHOD_TRACE
HTTP2_METHOD_UNBIND
HTTP2_METHOD_UNCHECKOUT
HTTP2_METHOD_UNLINK
HTTP2_METHOD_UNLOCK
HTTP2_METHOD_UPDATE
HTTP2_METHOD_UPDATEREDIRECTREF
HTTP2_METHOD_VERSION_CONTROL
HTTPCLIENTREQUEST
HTTPINCOMINGMESSAGE
HTTPS_PROXY
HTTP_PROXY
HTTP_STATUS_ACCEPTED
HTTP_STATUS_ALREADY_REPORTED
HTTP_STATUS_BAD_GATEWAY
HTTP_STATUS_BAD_REQUEST
HTTP_STATUS_BANDWIDTH_LIMIT_EXCEEDED
HTTP_STATUS_CONFLICT
HTTP_STATUS_CONTINUE
HTTP_STATUS_CREATED
HTTP_STATUS_EXPECTATION_FAILED
HTTP_STATUS_FAILED_DEPENDENCY
HTTP_STATUS_FORBIDDEN
HTTP_STATUS_FOUND
HTTP_STATUS_GATEWAY_TIMEOUT
HTTP_STATUS_GONE
HTTP_STATUS_HTTP_VERSION_NOT_SUPPORTED
HTTP_STATUS_IM_USED
HTTP_STATUS_INSUFFICIENT_STORAGE
HTTP_STATUS_INTERNAL_SERVER_ERROR
HTTP_STATUS_LENGTH_REQUIRED
HTTP_STATUS_LOCKED
HTTP_STATUS_LOOP_DETECTED
HTTP_STATUS_METHOD_NOT_ALLOWED
HTTP_STATUS_MISDIRECTED_REQUEST
HTTP_STATUS_MOVED_PERMANENTLY
HTTP_STATUS_MULTIPLE_CHOICES
HTTP_STATUS_MULTI_STATUS
HTTP_STATUS_NETWORK_AUTHENTICATION_REQUIRED
HTTP_STATUS_NON_AUTHORITATIVE_INFORMATION
HTTP_STATUS_NOT_ACCEPTABLE
HTTP_STATUS_NOT_EXTENDED
HTTP_STATUS_NOT_FOUND
HTTP_STATUS_NOT_IMPLEMENTED
HTTP_STATUS_NOT_MODIFIED
HTTP_STATUS_NO_CONTENT
HTTP_STATUS_OK
HTTP_STATUS_PARTIAL_CONTENT
HTTP_STATUS_PAYLOAD_TOO_LARGE
HTTP_STATUS_PAYMENT_REQUIRED
HTTP_STATUS_PERMANENT_REDIRECT
HTTP_STATUS_PRECONDITION_FAILED
HTTP_STATUS_PRECONDITION_REQUIRED
HTTP_STATUS_PROCESSING
HTTP_STATUS_PROXY_AUTHENTICATION_REQUIRED
HTTP_STATUS_RANGE_NOT_SATISFIABLE
HTTP_STATUS_REQUEST_HEADER_FIELDS_TOO_LARGE
HTTP_STATUS_REQUEST_TIMEOUT
HTTP_STATUS_RESET_CONTENT
HTTP_STATUS_SEE_OTHER
HTTP_STATUS_SERVICE_UNAVAILABLE
HTTP_STATUS_SWITCHING_PROTOCOLS
HTTP_STATUS_TEAPOT
HTTP_STATUS_TEMPORARY_REDIRECT
HTTP_STATUS_TOO_MANY_REQUESTS
HTTP_STATUS_UNAUTHORIZED
HTTP_STATUS_UNAVAILABLE_FOR_LEGAL_REASONS
HTTP_STATUS_UNORDERED_COLLECTION
HTTP_STATUS_UNPROCESSABLE_ENTITY
HTTP_STATUS_UNSUPPORTED_MEDIA_TYPE
HTTP_STATUS_UPGRADE_REQUIRED
HTTP_STATUS_URI_TOO_LONG
HTTP_STATUS_USE_PROXY
HTTP_STATUS_VARIANT_ALSO_NEGOTIATES
IAAPIIIJHQJ
ILLEGAL_CONSTRUCTOR
IMPORTANT
INCIDENTAL
INCLUDING
INCORRECT
INDEX_SIZE_ERR
INDIRECT
INFLATERAW
INFLATING
INSPECT_MAX_BYTES
INSUFFICIENT_FUNDS
INTERFACES
INTERNAL_ERROR
INTERRUPTION
INT_32_BE
INUSE_ATTRIBUTE_ERR
INVALID_ACCESS_ERR
INVALID_ARGUMENT
INVALID_CHARACTER_ERR
INVALID_DOTENV_KEY
INVALID_MODIFICATION_ERR
INVALID_NODE_TYPE_ERR
INVALID_STATE_ERR
INVSQRT_A_MINUS_D
INVSQRT_MINUS_D
IPFS_ENDPOINT
IP_ADD_MEMBERSHIP
IP_ADD_SOURCE_MEMBERSHIP
IP_DROP_MEMBERSHIP
IP_DROP_SOURCE_MEMBERSHIP
IP_MULTICAST_LOOP
IP_MULTICAST_TTL
I_BIT_POS
JAN_1ST_2030
JSONIFY_PRETTYPRINT_REGULAR
JSSTREAM
JSUDPWRAP
JWT_EXPIRY_HOURS
KECCAK256
KEYED_HASH
KEYEXPORTREQUEST
KEYGENREQUEST
KEYPAIRGENREQUEST
LIABILITY
LOADIPHLPAPI
MAX_255B
MAX_448B
MAX_ATTEMPTS
MAX_CCIP_REDIRECTS
MAX_CONTENT_LENGTH
MAX_INITIAL_WINDOW_SIZE
MAX_LENGTH
MAX_MAX_FRAME_SIZE
MAX_SAFE_INTEGER
MAX_STRING_LENGTH
MERCHANTABILITY
MESSAGEPORT
MICROSOFT
MIN_MAX_FRAME_SIZE
MISSING_ARGUMENT
MISSING_CONTINUE
MISSING_DATA
MODULE_NOT_FOUND
MULTILINE
MULTILINEA
MY_WARNING
NAMESPACE_ERR
NEGLIGENCE
NETWORK_ERR
NETWORK_ERROR
NFT_CONTRACT
NGHTTP2_CANCEL
NGHTTP2_COMPRESSION_ERROR
NGHTTP2_CONNECT_ERROR
NGHTTP2_DEFAULT_WEIGHT
NGHTTP2_ENHANCE_YOUR_CALM
NGHTTP2_ERR_FRAME_SIZE_ERROR
NGHTTP2_FLAG_ACK
NGHTTP2_FLAG_END_HEADERS
NGHTTP2_FLAG_END_STREAM
NGHTTP2_FLAG_NONE
NGHTTP2_FLAG_PADDED
NGHTTP2_FLAG_PRIORITY
NGHTTP2_FLOW_CONTROL_ERROR
NGHTTP2_FRAME_SIZE_ERROR
NGHTTP2_HTTP_1_1_REQUIRED
NGHTTP2_INADEQUATE_SECURITY
NGHTTP2_INTERNAL_ERROR
NGHTTP2_NO_ERROR
NGHTTP2_PROTOCOL_ERROR
NGHTTP2_REFUSED_STREAM
NGHTTP2_SESSION_CLIENT
NGHTTP2_SESSION_SERVER
NGHTTP2_SETTINGS_ENABLE_PUSH
NGHTTP2_SETTINGS_HEADER_TABLE_SIZE
NGHTTP2_SETTINGS_INITIAL_WINDOW_SIZE
NGHTTP2_SETTINGS_MAX_CONCURRENT_STREAMS
NGHTTP2_SETTINGS_MAX_FRAME_SIZE
NGHTTP2_SETTINGS_MAX_HEADER_LIST_SIZE
NGHTTP2_SETTINGS_TIMEOUT
NGHTTP2_STREAM_CLOSED
NGHTTP2_STREAM_STATE_CLOSED
NGHTTP2_STREAM_STATE_HALF_CLOSED_LOCAL
NGHTTP2_STREAM_STATE_HALF_CLOSED_REMOTE
NGHTTP2_STREAM_STATE_IDLE
NGHTTP2_STREAM_STATE_OPEN
NGHTTP2_STREAM_STATE_RESERVED_LOCAL
NGHTTP2_STREAM_STATE_RESERVED_REMOTE
NODE_CHANNEL_FD
NODE_CLUSTER_SCHED_POLICY
NODE_COMPILE_CACHE
NODE_DEBUG
NODE_DISABLE_COLORS
NODE_DISABLE_COMPILE_CACHE
NODE_EXTRA_CA_CERTS
NODE_OPTIONS
NODE_PERFORMANCE_GC_FLAGS_ALL_AVAILABLE_GARBAGE
NODE_PERFORMANCE_GC_FLAGS_ALL_EXTERNAL_MEMORY
NODE_PERFORMANCE_GC_FLAGS_CONSTRUCT_RETAINED
NODE_PERFORMANCE_GC_FLAGS_FORCED
NODE_PERFORMANCE_GC_FLAGS_NO
NODE_PERFORMANCE_GC_FLAGS_SCHEDULE_IDLE
NODE_PERFORMANCE_GC_FLAGS_SYNCHRONOUS_PHANTOM_PROCESSING
NODE_PERFORMANCE_GC_INCREMENTAL
NODE_PERFORMANCE_GC_MAJOR
NODE_PERFORMANCE_GC_MINOR
NODE_PERFORMANCE_GC_WEAKCB
NODE_SEA
NODE_SEA_BLOB
NODE_UNIQUE_ID
NODE_V8_COVERAGE
NONCE_EXPIRED
NONINFRINGEMENT
NONRESIDUE
NOTFOUND
NOTINITIALIZED
NOT_FOUND_DOTENV_ENVIRONMENT
NOT_FOUND_ERR
NOT_IMPLEMENTED
NOT_SUPPORTED_ERR
NO_COLOR
NO_COLORS
NO_DATA_ALLOWED_ERR
NO_ERROR
NO_MODIFICATION_ALLOWED_ERR
NO_PROXY
NS_PER_SEC
NUMERIC_FAULT
OBJECT_REQUIRED
ONE_GWEI
ONE_MINUS_D
ONE_MINUS_D_SQ
ONE_MINUS_TWO_D
ONE_YEAR_IN_SECS
OPENSSL_VERSION_NUMBER
OPEN_BRACKET
OPEN_PAREN
ORDER_MASK
OTHERWISE
OUT_OF_MEMORY
OUT_OF_RANGE
OVERFLOW
OVERLONG
OVERRIDE
OVERSIZE
O_APPEND
O_DIRECT
O_DIRECTORY
O_NOATIME
O_NOCTTY
O_NOFOLLOW
O_NONBLOCK
O_RDONLY
O_SYMLINK
O_WRONLY
P256_XMD
P384_XMD
P521_XMD
PADDING_STRATEGY_CALLBACK
PADDING_STRATEGY_MAX
PADDING_STRATEGY_NONE
PARTICULAR
PBKDF2HMAC
PBKDF2REQUEST
PBKDF2_FACTOR
PERFORMANCE
PIPECONNECTWRAP
PIPESERVERWRAP
PIPEWRAP
POINT_CONVERSION_COMPRESSED
POINT_CONVERSION_HYBRID
POINT_CONVERSION_UNCOMPRESSED
POSSIBILITY
POW_2_128
PRIORITY_ABOVE_NORMAL
PRIORITY_BELOW_NORMAL
PRIORITY_HIGH
PRIORITY_HIGHEST
PRIORITY_LOW
PRIORITY_NORMAL
PROCESSWRAP
PROCUREMENT
PROVIDED
PUBLIC_ADDRESS
PUBLIC_KEY_LENGTH
QUANTITY
QUERYWRAP
QUOTA_EXCEEDED_ERR
RANDOMBYTESREQUEST
RANDOMPRIMEREQUEST
RANDOM_POOL_SIZE
REACT_APP_
RECOMMENDED
REDACTED
REFERENCIA
REGISTRO
REPLACEMENT_UNDERPRICED
REPL_MODE_SLOPPY
REPL_MODE_STRICT
REPORT_GAS
RESULTING
RIPEMD160
ROYALTY_PERCENT
RSA_NO_PADDING
RSA_PKCS1_OAEP_PADDING
RSA_PKCS1_PADDING
RSA_PKCS1_PSS_PADDING
RSA_PSS_SALTLEN_AUTO
RSA_PSS_SALTLEN_DIGEST
RSA_PSS_SALTLEN_MAX_SIGN
RSA_SSLV23_PADDING
RSA_X931_PADDING
RST_STREAM
RTLD_DEEPBIND
RTLD_GLOBAL
RTLD_LAZY
RTLD_LOCAL
RTLD_NOW
S3_BUCKET
SCHED_NONE
SCHED_RR
SCRYPTREQUEST
SCRYPT_FACTOR
SECURITY_ERR
SEQUENCE
SERIALIZE
SERVFAIL
SERVICES
SETTINGS
SETTINGS_ENABLE_PUSH
SHA256_K
SHA256_W
SHA3_IOTA_H
SHA3_IOTA_L
SHA3_ROTL
SHA512_224
SHA512_256
SHA512_K
SHA512_W
SHA512_W_H
SHA512_W_L
SHAKE256
SHAKE256_D448MAP_RO_
SHAKE256_ELL2_NU_
SHAKE256_ELL2_RO_
SHARE_ENV
SHHJYAT88
SHIFTED_RANK
SHUTDOWNWRAP
SIGBREAK
SIGINTWATCHDOG
SIGNALWRAP
SIGNO_ACENTO
SIGNREQUEST
SIGSTKFLT
SIGUNUSED
SIGVTALRM
SIGWINCH
SINGLE_QUOTE
SIX_X_SQUARED
SLOT_INTERVAL
SOFTWARE
SO_BROADCAST
SO_KEEPALIVE
SO_RCVBUF
SO_REUSEADDR
SO_SNDBUF
SQLITE_CHANGESET_ABORT
SQLITE_CHANGESET_CONFLICT
SQLITE_CHANGESET_CONSTRAINT
SQLITE_CHANGESET_DATA
SQLITE_CHANGESET_FOREIGN_KEY
SQLITE_CHANGESET_NOTFOUND
SQLITE_CHANGESET_OMIT
SQLITE_CHANGESET_REPLACE
SQLITE_DETERMINISTIC
SQLITE_DIRECTONLY
SQLITE_MAX_FUNCTION_ARG
SQRT_AD_MINUS_ONE
SQRT_MINUS_D
SSL_METHODS
SSL_OP_ALL
SSL_OP_ALLOW_NO_DHE_KEX
SSL_OP_ALLOW_UNSAFE_LEGACY_RENEGOTIATION
SSL_OP_CIPHER_SERVER_PREFERENCE
SSL_OP_CISCO_ANYCONNECT
SSL_OP_COOKIE_EXCHANGE
SSL_OP_CRYPTOPRO_TLSEXT_BUG
SSL_OP_DONT_INSERT_EMPTY_FRAGMENTS
SSL_OP_LEGACY_SERVER_CONNECT
SSL_OP_NO_COMPRESSION
SSL_OP_NO_ENCRYPT_THEN_MAC
SSL_OP_NO_QUERY_MTU
SSL_OP_NO_RENEGOTIATION
SSL_OP_NO_SESSION_RESUMPTION_ON_RENEGOTIATION
SSL_OP_NO_TICKET
SSL_OP_PRIORITIZE_CHACHA
SSL_OP_TLS_ROLLBACK_BUG
STACK_UNDERFLOW
STATUS_CODES
STATWATCHER
STREAMPIPE
SUBSTITUTE
SYNTAX_ERR
S_BIT_POS
S_IFSOCK
TAGGED_HASH_PREFIXES
TCPCONNECTWRAP
TCPSERVERWRAP
TCP_KEEPCNT
TCP_KEEPIDLE
TCP_KEEPINTVL
THROTTLE
TIMEOUT_ERR
TKE_CLUSTER_ID
TLS_RSA_WITH_AES_256_CBC_SHA
TOO_MANY_REDIRECTS
TORTIOUS
TRANSACTION_REPLACED
TYPE_MISMATCH_ERR
TY_EMOJI
U32_MASK64
UDPSENDWRAP
UNCONFIGURED_NAME
UNDERSCORE
UND_ERR_ABORTED
UND_ERR_BODY_TIMEOUT
UND_ERR_BPL_MISSING_UPSTREAM
UND_ERR_CLOSED
UND_ERR_CONNECT_TIMEOUT
UND_ERR_DESTROYED
UND_ERR_HEADERS_OVERFLOW
UND_ERR_HEADERS_TIMEOUT
UND_ERR_INFO
UND_ERR_INVALID_ARG
UND_ERR_INVALID_RETURN_VALUE
UND_ERR_NOT_SUPPORTED
UND_ERR_PRX_TLS
UND_ERR_REQ_CONTENT_LENGTH_MISMATCH
UND_ERR_REQ_RETRY
UND_ERR_RESPONSE_STATUS_CODE
UND_ERR_RES_CONTENT_LENGTH_MISMATCH
UND_ERR_RES_EXCEEDED_MAX_SIZE
UND_ERR_SOCKET
UND_MOCK_ERR_MOCK_NOT_MATCHED
UNEXPECTED_ARGUMENT
UNEXPECTED_CONTINUE
UNEXPECTED_MESSAGE
UNICODE_HYPHEN
UNINITIALIZED_FUNCTION_CALL
UNIQUE_PH
UNKNOWN_ERROR
UNKNOWN_ID
UNLICENSED
UNPREDICTABLE_GAS_LIMIT
URL_MISMATCH_ERR
USERPROFILE
USE_MAIN_CONTEXT_DEFAULT_LOADER
UTF16_SURROGATE
UV_FS_O_FILEMAP
UV_THREADPOOL_SIZE
UV_UDP_REUSEADDR
V4MAPPED
VALIDATION_ERR
VALUE_MISMATCH
VERIFYREQUEST
VERIFY_DEFAULT
WARRANTIES
WARRANTY
WHATSOEVER
WHOLE_MAP
WHOLE_VALID
WORKERHEAPSNAPSHOT
WRITEWRAP
WRONG_DOCUMENT_ERR
WSAEACCES
WSAEADDRINUSE
WSAEADDRNOTAVAIL
WSAEAFNOSUPPORT
WSAEALREADY
WSAEBADF
WSAECANCELLED
WSAECONNABORTED
WSAECONNREFUSED
WSAECONNRESET
WSAEDESTADDRREQ
WSAEDISCON
WSAEDQUOT
WSAEFAULT
WSAEHOSTDOWN
WSAEHOSTUNREACH
WSAEINPROGRESS
WSAEINTR
WSAEINVAL
WSAEINVALIDPROCTABLE
WSAEINVALIDPROVIDER
WSAEISCONN
WSAELOOP
WSAEMFILE
WSAEMSGSIZE
WSAENAMETOOLONG
WSAENETDOWN
WSAENETRESET
WSAENETUNREACH
WSAENOBUFS
WSAENOMORE
WSAENOPROTOOPT
WSAENOTCONN
WSAENOTEMPTY
WSAENOTSOCK
WSAEOPNOTSUPP
WSAEPFNOSUPPORT
WSAEPROCLIM
WSAEPROTONOSUPPORT
WSAEPROTOTYPE
WSAEPROVIDERFAILEDINIT
WSAEREFUSED
WSAEREMOTE
WSAESHUTDOWN
WSAESOCKTNOSUPPORT
WSAESTALE
WSAETIMEDOUT
WSAETOOMANYREFS
WSAEUSERS
WSAEWOULDBLOCK
WSANOTINITIALISED
WSASERVICE_NOT_FOUND
WSASYSCALLFAILURE
WSASYSNOTREADY
WSATYPE_NOT_FOUND
WSAVERNOTSUPPORTED
WSA_E_CANCELLED
WSA_E_NO_MORE
WS_ERR_EXPECTED_FIN
WS_ERR_EXPECTED_MASK
WS_ERR_INVALID_CLOSE_CODE
WS_ERR_INVALID_CONTROL_PAYLOAD_LENGTH
WS_ERR_INVALID_OPCODE
WS_ERR_INVALID_UTF8
WS_ERR_UNEXPECTED_MASK
WS_ERR_UNEXPECTED_RSV_1
WS_ERR_UNEXPECTED_RSV_2_3
WS_ERR_UNSUPPORTED_DATA_PAYLOAD_LENGTH
WS_ERR_UNSUPPORTED_MESSAGE_LENGTH
WS_NO_BUFFER_UTIL
WS_NO_UTF_8_VALIDATE
XE65GB6LDNXYOFTX0NSV3FUWKOWIXAMJK36
XE65GB6LDNXYOFTX0NSV3FUWKOWIXAMJK37
YOURS3BUCKET
YOUR_RENDER_TOKEN
ZLIB_VERNUM
ZSTD_CLEVEL_DEFAULT
ZSTD_COMPRESS
ZSTD_DECOMPRESS
Z_BEST_COMPRESSION
Z_BEST_SPEED
Z_BINARY
Z_BUF_ERROR
Z_DATA_ERROR
Z_DEFAULT_CHUNK
Z_DEFAULT_COMPRESSION
Z_DEFAULT_LEVEL
Z_DEFAULT_MEMLEVEL
Z_DEFAULT_STRATEGY
Z_DEFAULT_WINDOWBITS
Z_DEFLATED
Z_FILTERED
Z_FINISH
Z_FULL_FLUSH
Z_HUFFMAN_ONLY
Z_MAX_CHUNK
Z_MAX_LEVEL
Z_MAX_MEMLEVEL
Z_MAX_WINDOWBITS
Z_MEM_ERROR
Z_MIN_CHUNK
Z_MIN_LEVEL
Z_MIN_MEMLEVEL
Z_MIN_WINDOWBITS
Z_NEED_DICT
Z_NO_COMPRESSION
Z_NO_FLUSH
Z_PARTIAL_FLUSH
Z_STREAM_END
Z_STREAM_ERROR
Z_SYNC_FLUSH
Z_UNKNOWN
Z_VERSION_ERROR
_FOLDERS
_PPRECOMPUTES
_SHA3_IOTA
_WARNING_
_WINDOW_SIZE
__PURE__
